1111111111111111111111
4646111111111111111111111111
4646111111111111111111111111
4646111111111111111111111111
4646111111111111111111111111
4646111111111111111111111111
4646111111111111111111111111
4646111111111111111111111111
4646111111111111111111111111
4646111111111111111111111111
4646111111111111111111111111
4646111111111111111111111111
4646111111111111111111111111
4646111111111111111111111111
4646111111111111111111111111
4646111111111111111111111111
4646111111111111111111111111
4646111111111111111111111111
4646111111111111111111111111
4646111111111111111111111111
4646111111111111111111111111
4646111111111111111111111111
4646111111111111111111111111
4646111111111111111111111111
4646111111111111111111111111
4646111111111111111111111111
4646111111111111111111111111
4646111111111111111111111111
4646111111111111111111111111
4646111111111111111111111111
4646111111111111111111111111
4646111111111111111111111111
4646111111111111111111111111
4646111111111111111111111111
4646111111111111111111111111
4646111111111111111111111111
4646111111111111111111111111
4646111111111111111111111111
4646111111111111111111111111
4646111111111111111111111111
4646111111111111111111111111
4646111111111111111111111111
4646111111111111111111111111
4646111111111111111111111111
4646111111111111111111111111
4646111111111111111111111111
4646111111111111111111111111
4646111111111111111111111111
4646111111111111111111111111
4646111111111111111111111111
4646111111111111111111111111
4646111111111111111111111111
4646111111111111111111111111
4646111111111111111111111111
4646111111111111111111111111
4646111111111111111111111111
4646111111111111111111111111
4646111111111111111111111111
4646111111111111111111111111
4646111111111111111111111111
4646111111111111111111111111
4646111111111111111111111111
4646111111111111111111111111
4646111111111111111111111111
4646111111111111111111111111
4646111111111111111111111111
4646111111111111111111111111
4646111111111111111111111111
4646111111111111111111111111
4646111111111111111111111111
4646111111111111111111111111
4646111111111111111111111111
4646111111111111111111111111
4646111111111111111111111111
4646111111111111111111111111
4646111111111111111111111111
4646111111111111111111111111
4646111111111111111111111111
4646111111111111111111111111
4646111111111111111111111111
4646111111111111111111111111
4646111111111111111111111111
4646111111111111111111111111
4646111111111111111111111111
4646111111111111111111111111
4646111111111111111111111111
4646111111111111111111111111
4646111111111111111111111111
4646111111111111111111111111
4646111111111111111111111111
4646111111111111111111111111
4646111111111111111111111111
4646111111111111111111111111
4646111111111111111111111111
4646111111111111111111111111
4646111111111111111111111111
4646111111111111111111111111
4646111111111111111111111111
4646111111111111111111111111
4646111111111111111111111111
4646111111111111111111111111
4646111111111111111111111111
4646111111111111111111111111
4646111111111111111111111111
4646111111111111111111111111
4646111111111111111111111111
4646111111111111111111111111
4646111111111111111111111111
4646111111111111111111111111
4646111111111111111111111111
4646111111111111111111111111
464611
